82525277792644
58760498601378
21057875437265
41546680867853
68105858906303
74256027293642
63843136968232
59145867446235
13526503574739
81013263712970
47884183125459
32859449698930
94508220338785
40746701873585
56323253715804
18814944565684
83325894670817
48740813483519
97412012534230
46659702863627
3093019112647
92908621369700
60309230322117
43802855827089
66561195579013
99047018106660
6313509256364
65037339313733
54361709899314
84750124080758
23822419438757
89652142087220
9705187779859
56632006584834
39399370938527
88908268848741
10704527135311
94607100592653
1744428967311
35865449050443
9368255787640
86640241674684
89080156811159
59962772182080
53398937581880
71195220634941
7561144032805
48794948458949
32497507763203
12720318915490
13507644524128
22127332722023
52350904638000
80524346361307
17319976825593
12539213141251
2448225963884
45086493409238
40177728803123
66774901607423
89323684044486
4293559347840
84638481055422
88932863010555
69984130099332
5532545110219
91938001077890
86928504564708
41242915497334
64955955236861
10452725432312
46063352883601
21161318427046
48313500512918
90192600797504
5538948222095
23062611695089
20209675484269
6997409118062
16510667784910
81683308915928
57270562159077
94164543579284
3105589518917
76706781805404
39834352814953
2714472216419
4819647196624
30615617760320
72144608207907
89412112811534
77578499315028
91333507968669
41507965101081
96037678793832
92776632786270
60662801205160
27500379555000
93123518920902
9294718000916
809216891389
4429898444006
76564774151633
93180825514815
65147108845156
80204233590075
43303590098342
27412473410009
84808083742136
60238665286063
7995136203720
91056991380796
74386771607239
72296338230769
19497470307221
68322670987980
62434856202398
35671993583548
9060608364349
76769508004288
60567687698215
6161925776316
42627154821681
23927881823545
38805330106346
3231962292903
68042429274263
94373607458118
91448935220149
73164851614862
68502847000436
18852998595962
9540101718486
4896262846237
40930064414893
84301475725797
98540473306778
98942729407395
46080090784472
98387941848320
25675124856324
8365452261405
65805321832229
4289161168145
63235098861022
37191144049817
74956085709369
24069598467178
82248932556620
68399556574058
1084293917245
24246068435943
27021209159746
82405020518680
10094770706653
30487338801590
26779174188286
45292032752248
4774576005803
71548252520142
48724096172949
84408955045094
48468816146897
13470383981207
38887327202787
52278429945904
21645076912332
48029815786054
65538598420426
56653357251271
14779302196236
97072330242058
78052765607345
99681233711189
69695061869019
49482349741642
47272262453673
2584833363507
44351514165763
53877749083528
78205027070801
74118367350081
7686649946977
47915553530939
22283456355298
11708332334814
87325869455721
20894199670308
98159967421288
11310211361159
50913211347460
72596172512380
6327372506500
41423742516295
17029228334824
71875957160682
46647944110642
61335826990671
87352355319129
3881372762490
85785270115713
85375131030690
58629279153314
6575031123407
23379885879621
37110840589375
99590153848834
79226795104860
54959937297942
59733425276439
21169245334894
53247456044377
93411254023354
30161969750705
84433426115292
40017208071732
74305276880621
28574287419993
8705147580321
62240246541389
68023324204035
31844972938588
35156641219470
62402668950479
24171996375284
85641560233504
46866863123673
75072287431867
39100287870055
85563795894142
3060929879505
22743987468030
32163914063976
49912070939349
92462307690621
95540761429328
46629709415972
46774258629583
45716906969557
96025989008744
53199169139160
83566255082288
84589223425282
86861911552604
46466579338115
39230264361645
14203696024255
7316272705749
34830129912633
68283087416982
67285834587083
24274820066226
5660003931476
77679354627155
8061714216564
6841397682369
65567332951934
41547785474871
56358475512002
42182951810920
21190992167505
97989145130651
56269312802086
54380702734369
49753562988645
58951003348284
22302451202237
3610556109618
79869938075835
88556621798130
86211014478989
73449099561332
85892406105369
62706384551640
39497906402331
79127774335463
89416485778084
11006466451218
34013646942048
43424289404769
29517234126224
58761527935084
21663417468882
84832810605022
75098472482333
76248199694706
41021283241821
58293440620611
30384405372005
94159420618158
21456689137610
2279356494402
3267708625984
93190842178773
77937544739663
82639499808026
26045625094393
1586812451626
98816711496744
93939221455390
53599789495891
37609020313786
52840712305904
45597989240110
68897753379115
22390718704308
28736520434767
1437052195617
42971256624451
94143466235765
22981133991185
73198359287446
69175477980356
26907501960985
68388937992345
89017604499924
17942507438365
45311062597125
43787765684504
90284881745222
51983337283842
64393568785637
86766284146333
18672750105852
27722940545873
50996671966267
22449401667748
71743052281015
18174331678506
1979977937708
42490539650300
7789911911797
80360373706738
63620354131641
66514460989315
59695841972532
37301970922708
23718138181768
1921911625850
94120644371818
73573046367523
58521063791961
65249072474533
352592695965
16499527296650
25197315701660
63992406300935
4823865008369
74158728881345
53483934870970
21199355036360
56098590436080
58560615575584
67761826339574
64537436172696
69074802299662
42832236861694
71482898993675
76606298516954
5303124680785
16082363170243
6670469494663
98108568873580
78393073448995
42459889686292
55788407788272
38444735011141
85474222622387
58350963855557
67464728559716
35904393426347
79129312904120
28214720699111
55532020644765
9186309684379
25132779440729
2111200687768
97742283363399
60902662139574
66161448422555
32583910701701
38582314485128
35544806040293
33238409156195
29514181926430
19738554123597
8473216126474
6115433262797
78983600865483
87977183944589
4837407963636
89798428397720
86400370414550
43670177278762
18824067488505
25731844443591
67142406275663
65476628911966
19686762419839
33968451654285
15048360433005
40391646592873
86481848069956
22197382828017
93498743567940
30294547459554
30534248662587
30991218786793
82392944167083
9253595620595
49166119596500
88436083584486
69512975944797
64198049824808
44681683057289
31999989124199
68410790986408
80349390622426
16586970526694
87391703476444
179200369798
41409160895069
83225443664390
72174487221977
45374273939316
58001745134393
77939703345089
21777474636826
90553778448778
89489333430155
67828008005315
67638878945979
25042286688094
50817168930
6928577387549
70768462756223
84131987344592
79571392946726
93503662440507
65284900108593
55323059238737
58049766615121
25762941262193
5851099527025
2318800468738
46357196145354
22925865619578
12568311974067
19841149774123
48504351134119
15597056694002
55067869130906
33647432260569
86995032082525
28980459648176
29567112903691
59520230947366
32603934495156
67554169254275
57606974085819
61971332527651
50632965129479
1948007614538
75143574409592
41606679910637
77000167473513
40851019681825
93256061672389
14609244601856
26606242976268
60099311896523
34274798413447
82454253144335
93814287002390
46220894332034
88723071454061
53744516737903
1131846357126
41294527872188
33393163333193
10691770856317
58280316034430
47019962441732
93878841859637
60084303648926
40903666942744
73821907624483
20393610401708
27112949266038
12249431366886
83925074739649
81273417276421
91530100436830
47639462173281
85658230590361
20385774814213
90670692112700
8708792046120
71292480103194
35346956889495
24701005473705
83617734644753
42826785036132
66529109663339
36887032970919
71749116494821
13944437940802
1946189315350
40338311643476
10281935879966
11928329190911
97457914746668
47948461226498
58125272222059
49673468211999
48337218470676
66037685992530
33636472358984
1569255091270
13392795916493
91042569065475
57621515213086
22953494061208
54052804246753
20171263316372
6045444821020
95531858067325
83987375357388
18253644777460
46854617272218
26923996016170
33492451817356
70328657734633
99453003058524
22243820094424
19650681012983
96167396217783
37506992595550
64518245671366
66245379476914
83059668368344
1167302981885
4009766238262
44695555857240
34706812633379
95461083771841
18817806224787
21650805394486
63803665695146
73807054322921
68598920576839
9135591600292
93578201230302
30615563624727
74533949733003
37264738835803
84916347110713
77966824301416
36676505780088
88638939677931
83369774458976
74789699997411
68027831511135
55894154556123
49104008556761
86320313529575
31822838023541
26072326495088
99828694549199
58475991356999
94931100055100
11311939297464
19406870211321
54743722183930
20652763928446
76698234530356
4674962983596
4056297043533
44698797372219
82152722685509
4976431066109
17317046320077
52661288076513
6147711100820
46677502550054
32331986600689
25471614260005
68034116652564
44076654612045
18043763918180
7684866138269
52704990981098
27149271499090
29720330559456
36205074240755
81490166446528
83011422975902
36235587144110
61175103320148
25830848781334
42650744550201
6772968532171
67295903759276
88449205517772
3227953511043
48008938252719
56752363683549
81845150765466
11803009716218
65840328261601
74443831484298
39129087727663
35018823330734
22167493078757
77607847459593
39264311905079
43857776134837
97529891500056
90324477062464
81499383568458
36198286384129
47330005262733
12269339695597
63825937578789
93374225263707
17887039005890
22016384200327
72636768816944
65237348937003
23358513175162
2998004077150
60220891342644
18558889181738
20043844193971
58727374893364
2080053050773
32748552746304
92068525173869
20845776453548
1565554359508
99331786969622
70399744804528
13634044410469
80100487334662
84466050793813
90434376997789
22196445068285
58276928988478
61188758906657
50783502673050
48006851458177
94984347708973
66891661103662
50239175897008
74003010352532
48218819678034
18321206326758
66422340077741
22739674261605
19701600731092
21134570693363
53750723351101
92056467366720
10697926981008
49816238153020
58144633771261
13151922040076
24838459332246
7820601429306
38497613232054
30114031849859
19320095337728
41173537780621
45335644064957
17065606046373
69022701069605
77654585376877
45054805412610
12660145097345
55568290651158
19188339703681
44918425902032
66124946914065
55424891605093
94444708208666
22304437905270
10805508919874
36150489330454
97855001196769
91341354404673
51586520446284
92950527659964
36726202940167
91352266698890
60286533939572
69124066413549
12553585337526
52148071049262
64345389112020
17323335133959
57212992805657
39618283240321
14468168646547
40715337353067
13362660551718
80341175305008
94122887306294
79293742708662
14949859196467
44927850475435
15107742468340
73000999615811
74225480959840
4884643691309
39352164359655
90042363361497
27994701837403
1373932888245
6534427933900
75684026761075
29338219006620
34670678181634
30273324265877
74216231670573
93842062317895
45706356650223
87877204101576
90117524042050
8027264751877
48812449504481
50310127686439
14929705286856
30734053772044
13134680546563
46010511449051
28717641724984
71319615639604
40519151675590
17179558328897
18018089670812
79841801031475
27772237891615
97178536176875
36190844057680
99102624500783
1800377279188
73602086646503
98158137113225
73911414590620
89729457251532
7072694390212
89157081647316
31824050201894
35513764862526
22411825477761
12692394072126
59924083168400
18503054051190
32754463702617
60301751988128
55476003500006
6329109132693
22759144119235
76554209429348
79564787728101
11364791619055
56925426280804
18793012630326
78079783279541
14458024176994
11004955685642
64148506240234
89455906079793
94238069202114
73352225240801
37751673761826
96534490035906
26591319327029
42099096078070
42787043262942
4446788221420
83783336866354
3480066189882
71177018799316
15315558640952
91690498830335
35587920506250
618399872716
84382096944464
40519527062924
27231130252947
37560502362037
18630250536070
7839681879859
10822953768338
62238676086128
3711717823835
52682196235122
36738815617387
22013932636057
55641307948162
56254742852334
39386361136480
51226509693175
46604775893130
31858851935394
56848710192488
63288764947784
25123524710014
35206895686120
65711221416546
20029510879712
95933185327586
88711400106741
80374035284093
16651818682785
67125250043383
22719104011882
72081427853625
96902783973772
77684961012714
13292860170602
10692991456947
16166484722874
28382345776107
45195674502498
81033909846050
81546003226365
48495683406607
56126031308401
17445905111217
84877763705802
2501893033594
11809481733346
53443953810532
6403383623092
75536255104712
22869342430730
59149485417294
19778486156219
23587027778118
76274836111251
83057849058823
9054771122741
13946147230709
99881038019237
81113581557023
93382495678368
82622852663444
86044537252963
78693488821147
27256354941508
34535833090082
21168735177939
15423917776251
45527689387807
94755844280977
66686522850400
26281169734147
57720462612019
51252588323566
55400649390854
64040290430217
72101487939417
96891261565528
33878234967817
1625047834141
28575579984496
36584399826028
5731104337656
78968682039669
77362774669464
46823471190850
18711648256491
6730838700665
20376051302025
60762909781299
2795123731761
6238770957081
46511419050259
3102515890801
48683976651805
99011078049450
65545667559370
4262084416513
47060618484716
64424689605842
39704994542
47913968895614
78516066071899
36252821021712
77981462296824
32384396664129
60357998005372
80695432568926
6741674985713
53880086404349
65786276049812
87565069658942
26268717566889
57932408372850
15759051050847
3925827486836
97121077175286
66029363735049
81074381783932
42064686160360
50640057745222
19692731933620
31815470800785
96279674054480
28408493514541
65938858845014
42481849495652
60038821615499
94633049583818
82885971588294
27779865290547
1425039353973
6612807428761
24550489548773
45599044927726
98960590022014
77175942559415
94837030190651
89952238660095
95359082851312
19544321636823
51662231672216
97504666630117
28682542502755
7216568476552
98445089212331
93108795527873
39307044562117
59705726689251
8192678149182
32577174343370
30835660082942
82825672503030
56614632833410
46701013354330
25038665120148
89084933614603
53730041012220
67586619634475
77360293390908
82845473688938
48078538583708
14323455128324
79051260819089
98703916090965
24553006497269
47522816161466
89428959244017
50424201175767
9738559637071
13312380388698
30704040572450
83172150319834
69967896244420
33473265468928
14741333646740
69465994184239
24463626251515
88032627934212
1448952282287
76229321739819
30200160308072
9900112986238
80280229374
9977691534784
12868233065763
4252644061379
53331671032654
87377754102620
40734849045018
97586909477663
45807603624496
97400721018013
71711421600375
74346390702243
62074000559020
38769757587353
15998675158593
76054730320964
78362159222400
53777843971460
94296965288681
97969907331731
29546152575415
92738345601115
46224231771592
42931035826207
90021491302594
66350904182129
17502988692804
70021011763114
69327755243470
90025371555146
